    m       n       t    error_dxy   preproc noise          STLN method
   16 	    27 	    13 	 2.988157e-09 	 n 	 1.000000e-10 	 None
   16 	    27 	    13 	 7.371640e-09 	 y 	 1.000000e-10 	 None
   16 	    27 	    13 	 7.443545e-09 	 y 	 1.000000e-10 	 Standard STLN
    6 	     6 	     3 	 2.323239e-08 	 y 	  	 Standard SNTLN
    6 	     7 	     4 	 NaN 	 y 	  	 None
    6 	     7 	     4 	 NaN 	 y 	  	 None
    6 	     6 	     3 	 2.294488e-08 	  	 1.000000e-10 	 Standard STLN
    6 	     6 	     3 	 2.294488e-08 	  	 1.000000e-10 	 Standard STLN
   12 	    11 	     6 	 1.047308e-07 	  	 1.000000e-10 	 Standard STLN
   16 	    27 	    13 	 7.371640e-09 	  	 1.000000e-08 	 None
   12 	    11 	 4.843588e-01 	 -1.567504e+00 	 1.690943e+00 	 -6.080343e-01 	 -1.037280e+00
3.356893e+00 	 -3.621244e+00 	 1.302137e+00 	 7.107182e-01 	 -2.300059e+00 	 2.481185e+00 	 -8.921917e-01
-1.577971e-01 	 5.106702e-01 	 -5.508847e-01 	 1.980887e-01 	 1.047297e-07 	  	 
   78 	   111 	   110 	 e 	    14 	    13 	 1.007767e+00 	 -3.359222e+00 	 3.732469e+00 	 -1.382396e+00 	 -1.960812e+00
6.536041e+00 	 -7.262268e+00 	 2.689729e+00 	 1.260713e+00 	 -4.202379e+00 	 4.669310e+00 	 -1.729374e+00
-2.682368e-01 	 8.941228e-01 	 -9.934699e-01 	 3.679518e-01 	 2.770993e-07 	  	 
   78 	   111 	   110 	 e 	    16 	    27 	 1.067679e-01 	 2.829519e+00 	 2.499579e+01 	 7.360352e+01 	 7.562118e-07 	 Geometric Mean Matlab Method
  121 	 1.000000e-12 	    78 	 one 	    16 	    27 	 1.067679e-01 	 2.829519e+00 	 2.499579e+01 	 7.360352e+01 	 7.562118e-07 	 Geometric Mean Matlab Method
  121 	 1.000000e-12 	    78 	 one 	    16 	    27 	 1.067679e-01 	 2.829519e+00 	 2.499579e+01 	 7.360352e+01 	 7.562118e-07 	 Geometric Mean Matlab Method
  121 	 1.000000e-12 	    78 	 one 	    16 	    27 	 1.067679e-01 	 2.829519e+00 	 2.499579e+01 	 7.360352e+01 	 7.562118e-07 	 Geometric Mean Matlab Method
  121 	 1.000000e-12 	    78 	 one 	 